 15.2442594 -18.276838  0.4079835
 13.6704380 -19.412646 -2.6070837
 11.7310593 -20.111366 -4.8801492
  8.9551760 -21.174205 -6.4389239
  6.9627001 -21.981492 -7.9089611
  4.9351702 -24.227572 -9.7946262
  3.7681294 -26.361190 -12.089972
  1.2874030 -27.457255 -14.896129
 -0.9790351 -28.097701 -16.493506
 -3.8746366 -28.333162 -17.899612
 -6.9252602 -28.443610 -19.174014
 -8.7715170 -30.692069 -20.351318
 -10.179708 -32.833439 -21.353785
 -12.411800 -35.335284 -22.337250
 -14.715905 -37.135612 -22.849018
 -17.266482 -39.219666 -22.656929
 -18.860548 -41.634936 -23.341099
 -19.463867 -44.130471 -25.177873
 -21.030167 -46.567896 -27.089794
 -22.908260 -48.248091 -27.773582
 -25.309883 -50.053651 -29.576558
 -27.475512 -51.781388 -30.687998
 -29.031350 -54.407083 -31.561728
 -29.462671 -57.512203 -31.644682
 -30.003107 -60.689310 -31.731872
 -29.701704 -63.655085 -31.401960
 -28.990095 -66.917146 -31.499587
 -27.806825 -69.530330 -30.543012
 -26.992658 -72.057561 -28.358470
 -27.080163 -74.884088 -26.259757
 -27.476633 -77.948475 -24.486537
 -29.107152 -80.628905 -23.607345
 -31.514567 -82.631774 -21.553000
 -34.039941 -84.117597 -19.336667
 -36.635471 -85.581805 -17.390559
 -38.722806 -86.349491 -15.328045
 -41.813468 -87.201853 -14.114763
 -44.577361 -87.368127 -12.815284
 -47.700945 -87.305649 -11.305818
 -50.899507 -87.266690 -10.565135
 -54.247466 -87.550944 -9.8121095
 -56.579366 -87.849543 -7.9386346
 -59.670528 -88.983209 -5.4714028
 -62.678430 -89.015998 -4.3683407
 -66.185201 -89.329028 -4.1384213
 -68.443961 -91.058763 -4.6221584
 -70.943865 -92.860907 -4.9246587
 -73.421467 -94.506348 -4.2306238
 -76.263507 -95.928684 -3.5179401
 -79.626393 -96.771050 -2.9669875
 -82.747775 -96.523250 -1.6938492
 -85.244110 -95.744729  0.8347145
 -87.728814 -95.655762  3.3820392
 -89.782492 -96.018645  5.5372601
 -91.729529 -97.205555  8.3005053
 -94.527402 -98.085972  9.4805619
 -97.718050 -99.729744 11.0244161
 -100.83852 -99.584435 12.8710824
 -104.16704 -99.014123 12.5630369
 -107.56475 -98.227036 13.1914589
 -110.77867 -98.441181 14.2563104
 -113.92439 -98.397789 14.6864293
 -117.12097 -98.845509 15.3576550
 -120.71660 -99.807351 16.6907033
 -123.30444 -99.801711 18.6830468
 -125.32392 -98.624804 20.9559058
 -126.66920 -97.909608 23.8648391
 -127.97652 -97.198515 27.0511243
 -130.09124 -96.822662 29.5976429
 -132.32981 -96.462761 31.6882631
 -134.25217 -95.271876 33.6931506
 -135.94235 -92.731549 35.5742659
 -136.22135 -90.122875 37.6681652
 -136.45475 -87.999149 40.0911020
 -136.52728 -85.922041 43.4364854
 -134.81185 -83.493109 45.3294260
 -132.43903 -81.258129 45.3609400
 -129.76431 -79.538870 45.6388102
 -127.60905 -79.199661 48.5245007
 -126.79892 -79.633377 51.3372800
 -125.86159 -79.528795 54.3806407
 -124.73263 -79.225458 57.6195130
 -124.37926 -79.581331 60.7457390
 -123.65259 -79.347929 64.0859326
 -123.20108 -78.136825 67.4987338
 -121.41438 -76.562733 69.6055684
 -118.62969 -75.077660 71.4847269
 -116.00866 -73.878715 73.2398837
 -113.10774 -73.997692 75.0524371
 -110.37176 -74.977608 76.6859019
 -108.01009 -76.746747 79.3768371
 -106.96527 -79.072682 81.0682311
 -105.20669 -81.145240 81.9978643
 -103.07127 -83.226200 83.2611438
 -99.952064 -84.651837 82.8939774
 -97.566647 -86.432108 81.2464594
 -95.789528 -88.721059 79.1311724
 -93.788007 -90.432438 76.4116554
 -91.641526 -91.938100 75.0047713
 -89.072717 -93.562653 73.6621330
 -86.893800 -94.638726 71.7667958
 -84.583109 -94.127460 69.2872878
 -83.594531 -95.581752 66.8182236
 -82.780301 -97.539750 64.0920270
 -82.127880 -100.31289 62.7758299
 -81.044036 -102.90122 60.6144384
 -79.636340 -105.24333 58.8256069
 -77.485553 -107.20370 57.8595740
 -74.565968 -107.92124 57.5967898
 -71.272542 -109.05821 56.9443612
 -68.454912 -109.02577 54.6776110
 -66.084297 -108.92062 53.3657945
 -63.797988 -109.55786 51.4998347
 -61.565158 -110.13995 49.2456462
 -58.799559 -111.28161 47.6645859
 -56.107361 -112.55313 46.3871936
 -53.404154 -111.75602 43.6440342
 -51.404026 -109.90823 41.4574855
 -48.814515 -108.82928 40.6647763
 -46.318993 -107.90618 39.8148973
 -43.656561 -106.73067 37.7540574
 -41.718048 -106.50396 35.0253858
 -39.335225 -106.03167 32.0183968
 -38.054239 -106.63056 28.9810878
 -37.373130 -107.84762 25.7849720
 -37.112106 -109.90685 23.5427855
 -37.756355 -111.86190 20.3418707
 -38.725578 -113.56324 17.4866777
 -38.610182 -115.41040 15.2286346
 -37.742082 -117.08481 13.1653533
 -36.525393 -118.97095 10.7749856
 -34.886586 -120.64931  8.0924025
 -33.523313 -121.81406  5.6913318
 -33.272055 -123.54930  2.9047354
 -32.291235 -125.73665  0.5607848
 -30.274033 -126.76213 -1.2575374
 -27.930110 -126.43580 -2.5647161
 -25.537410 -125.51601 -4.3873010
 -24.198701 -123.31490 -7.1737239
 -22.644257 -121.13689 -9.0445285
 -21.855523 -119.25594 -11.533685
 -21.017520 -116.92593 -13.633450
 -19.487118 -114.39435 -15.404573
 -16.940133 -112.68755 -16.200291
 -13.868666 -111.30312 -17.153760
 -10.879057 -110.94582 -18.197882
 -7.4404794 -111.30289 -18.181041
 -4.5951300 -112.41876 -16.739897
 -2.6492673 -113.81496 -14.764444
 -1.1121948 -114.98009 -12.321829
  0.7357749 -117.28202 -9.5530840
  1.7931122 -119.03242 -6.4857198
  3.0679523 -120.79881 -4.0352629
  3.5821999 -122.73415 -1.4858983
  2.6547525 -124.22138  1.5270575
  1.2620508 -125.31853  3.6157504
  0.0263097 -126.77975  6.3053212
 -1.0763179 -127.79112  9.0246097
 -1.8484890 -129.08499 12.3962253
 -3.0710385 -130.42158 14.7923636
 -4.3980945 -131.75781 17.2639450
 -6.2560315 -132.10642 19.3750298
 -8.9811090 -133.08069 20.9414880
 -12.173438 -133.65113 22.5335147
 -13.920860 -134.96213 25.2316520
 -14.420450 -136.33049 28.3668814
 -15.123338 -138.52137 31.1152909
 -16.897525 -140.50003 32.5674895
 -19.351910 -141.60521 35.1140231
 -21.160019 -142.17055 37.1550249
 -23.588105 -142.90562 39.6244700
 -26.275101 -142.61511 42.3060318
 -28.976127 -142.19770 44.0699626
 -31.592869 -140.59211 44.7707264
 -34.583078 -139.14864 45.2568147
 -36.705331 -136.69275 45.2186762
 -38.634841 -134.28825 44.7410513
 -40.867062 -131.45937 43.9350907
 -42.961441 -128.94427 43.0447118
 -45.217388 -126.87480 41.8122421
 -47.050132 -124.61181 40.4002838
 -48.049663 -122.16152 38.2488462
 -48.434960 -119.73788 36.5681683
 -49.567531 -117.60405 34.2361084
 -50.428376 -115.69114 31.3678613
 -52.151471 -113.34790 29.2523564
 -53.820154 -111.93565 26.9554117
 -55.938574 -111.69161 25.2466333
 -59.028282 -111.27470 23.7881961
 -61.034361 -111.82361 21.4903213
 -63.109839 -111.69493 18.2808101
 -65.354005 -112.28489 15.8866076
 -66.539394 -112.58920 13.2431034
 -67.772672 -113.71496 10.1315741
 -69.553547 -115.04315  7.4145592
 -70.584386 -117.13590  5.2397380
 -71.760319 -118.50324  3.1032764
 -73.772462 -119.62718  0.3009948
 -74.767136 -119.99774 -2.5885051
 -76.426562 -120.70597 -5.6155088
 -77.801268 -120.80400 -8.6584239
 -79.625480 -120.04035 -11.341076
 -81.228437 -118.60238 -13.677598
 -83.179941 -116.36197 -15.672378
 -84.988990 -114.22957 -16.128647
 -87.667983 -111.90981 -16.354373
 -88.986802 -109.52488 -17.348712
 -90.137197 -107.12852 -18.938364
 -90.729718 -104.30048 -20.424061
 -90.477614 -100.67353 -20.648792
 -91.469106 -97.211855 -21.852822
 -92.678190 -94.454924 -22.625511
 -94.218444 -91.841963 -23.957032
 -94.463371 -89.549724 -26.598580
 -94.332264 -86.786687 -28.717827
 -93.819438 -83.814070 -30.330411
 -93.517672 -81.300986 -31.595053
 -93.041860 -78.457549 -33.343658
 -93.632612 -75.620880 -34.619959
 -94.496184 -72.476208 -35.602869
 -94.247262 -69.812421 -36.391559
 -94.460020 -67.001156 -36.091236
 -94.764029 -64.099832 -34.697703
 -95.214710 -61.068364 -33.241634
 -97.423619 -58.813918 -32.166912
 -98.977381 -56.767387 -31.001721
 -101.17523 -54.604603 -29.185316
 -103.02884 -52.120515 -28.948796
 -104.25300 -49.751632 -29.176629
 -105.98079 -47.098267 -29.758308
 -106.95072 -44.499417 -30.718367
 -106.67870 -41.237262 -31.502885
 -106.87783 -38.434675 -32.422641
 -107.45103 -35.719008 -34.688756
 -107.92895 -33.341291 -37.030386
 -108.86722 -31.154961 -39.365849
 -109.89118 -29.280005 -41.516647
 -111.93160 -27.789529 -43.836849
 -113.41444 -25.017509 -45.127441
 -114.60155 -22.928902 -47.078707
 -115.62500 -20.466089 -49.421389
 -116.77066 -18.589248 -51.479100
 -118.16041 -16.450899 -53.740238
 -119.51523 -13.978146 -55.016907
 -119.98828 -11.835525 -56.926590
 -120.52173 -9.1431655 -58.971032
 -121.02784 -5.9354942 -60.239289
 -121.08541 -2.8579635 -61.498682
 -121.08752  0.6310675 -62.539130
 -119.54637  3.5872744 -63.619534
 -118.52394  6.0276517 -64.540668
 -117.05972  9.0127445 -65.600434
 -115.05153 11.6533158 -65.615502
 -113.20078 12.6655950 -63.668390
 -111.57046 14.1514061 -61.566567
 -110.43375 16.0015832 -58.789379
 -110.47470 18.2373901 -56.143798
 -110.99252 20.1851588 -53.665505
 -111.31412 22.2075571 -50.830527
 -111.89519 23.2379802 -47.925670
 -112.77239 24.8584053 -45.137060
 -113.22015 27.0794962 -42.884162
 -113.03838 29.9317628 -41.345449
 -112.17846 32.7056573 -40.190171
 -111.76450 35.6096292 -38.345079
 -111.63596 38.9844032 -37.910016
 -111.18776 42.0707012 -37.521990
 -110.54724 44.4743423 -38.551465
 -108.64792 47.2252207 -39.418448
 -107.36234 50.2305919 -39.098188
 -107.38996 53.6839478 -38.813384
 -108.08273 56.7429904 -38.987109
 -108.68231 59.7864368 -37.547611
 -108.20739 62.1868230 -35.006452
 -108.00482 63.6252704 -32.092900
 -108.61679 66.5982684 -29.916145
 -109.45930 69.6153311 -29.815887
 -109.64139 72.6712613 -29.295202
 -109.22650 75.6918720 -27.779373
 -106.86297 76.7948281 -26.200505
 -104.37742 78.4646647 -24.800443
 -102.48598 80.6433048 -22.869256
 -101.02694 82.2809972 -20.858161
 -99.274886 83.2257108 -18.120563
 -98.093758 83.7948257 -15.122288
 -97.232374 83.6571089 -11.999817
 -96.150710 83.3664242 -8.9977631
 -95.570901 81.5803583 -6.1281180
 -95.257902 79.8235444 -2.9466635
 -96.288004 78.8662976  0.3250487
 -96.297442 77.5116644  3.1290955
 -95.827195 77.1576369  5.9087792
 -95.685369 76.5046861  8.7533051
 -95.802827 76.8586804 12.1691158
 -95.414409 76.5149310 15.3876235
 -94.823535 75.1101867 18.2727761
 -93.705643 75.3527195 21.7184888
 -93.802950 76.2483559 25.0511524
 -93.257449 77.3889980 27.5672744
 -93.652627 79.4499516 30.8429639
 14.9290230 -18.447494 -0.0312702
 13.8173958 -19.104180 -2.1997277
 12.3342486 -20.501997 -4.8273615
 10.4618461 -21.238364 -7.7527311
  8.3763258 -21.256851 -10.513358
  6.6469228 -20.788034 -13.544522
  5.8274797 -20.967312 -16.656208
  4.8364292 -21.722906 -19.668322
  3.8895101 -22.486375 -22.292061
  2.5977154 -24.093699 -24.941654
  2.4976430 -25.977200 -27.799597
  2.7170290 -28.105262 -30.312635
  2.4762460 -29.955956 -33.533627
  1.3727828 -30.871039 -36.781487
  0.4646614 -33.036485 -39.830977
 -0.9110142 -34.248829 -42.592975
 -2.1145841 -34.947373 -45.369117
 -2.5391402 -34.076375 -48.686478
 -1.7209268 -33.475900 -52.330657
 -0.1777715 -32.557594 -54.985937
  1.7076649 -32.679359 -57.622801
  4.1322633 -32.876061 -60.433642
  5.3866191 -32.661128 -63.634969
  7.7108886 -32.166854 -66.188609
  9.8037414 -30.995073 -68.745678
 11.9323863 -28.436278 -70.462192
 13.9769616 -26.179166 -71.455747
 16.0666829 -24.276279 -71.739474
 18.7137131 -22.551182 -72.004258
 21.4392230 -21.258638 -72.328558
 24.4144024 -19.852915 -73.250183
 27.2555562 -18.528523 -73.854045
 29.6566373 -16.261914 -74.006702
 32.2229906 -14.499652 -74.584347
 34.5002216 -12.431651 -75.039263
 36.0921305 -9.3181939 -74.930003
 37.2590305 -6.0800387 -75.209348
 37.6259905 -2.1470039 -75.973287
 38.6865057  1.1191678 -76.319820
 40.7139573  4.2447970 -76.811914
 42.8835335  6.3737208 -76.760575
 45.4368303  9.1831859 -76.594931
 47.1050650 11.8557726 -76.966210
 49.1601388 14.7579251 -78.087678
 51.1090428 17.0674289 -79.711803
 53.5394498 18.6751295 -81.570724
 56.0263505 21.0893227 -82.925190
 57.9270167 23.3671293 -84.135993
 60.7631602 25.8008612 -84.697964
 62.6742306 28.1427181 -85.153308
 64.7739073 30.8402207 -86.679648
 66.2800162 33.3545697 -87.876825
 68.0954423 36.1916465 -89.437513
 68.9321385 38.9797910 -90.347229
 70.0009295 41.8353259 -90.138600
 70.6835100 44.8885754 -90.409213
 71.6347018 47.7560519 -91.903701
 70.3219400 49.3792626 -94.130314
 68.9347238 51.0576015 -96.006962
 66.6120029 52.1747391 -98.826619
 63.1336276 52.9958866 -100.34733
 59.9373510 52.5289434 -101.58351
 58.1871649 51.7174173 -104.04362
 56.7203287 50.2550742 -106.55026
 55.3897836 48.5730688 -108.88523
 54.2214008 46.8595561 -111.66648
 53.5578886 44.4972848 -114.35020
 53.1268019 43.1044278 -117.70314
 52.4671189 41.8562793 -120.81819
 51.5883096 39.9375929 -123.28477
 50.1863659 38.3418048 -125.40669
 49.4132198 36.9112955 -127.55496
 49.6874758 35.7827586 -130.67018
 50.0443424 35.4298294 -134.45073
 49.4570019 35.7779607 -137.98968
 47.7774988 36.1843843 -140.63170
 44.9991817 35.3997252 -141.84544
 41.4989089 34.1530674 -142.09331
 39.1134469 32.9542507 -143.38020
 36.4574577 31.5458066 -145.25976
 33.3345017 31.3715318 -146.85851
 30.5788639 31.3638898 -148.23890
 28.0415479 32.7997048 -149.54037
 26.0508179 34.8581786 -150.54709
 23.8396112 36.7621805 -151.46639
 21.6501358 38.8196210 -151.76266
 20.0432435 41.4268271 -151.28390
 18.3261067 44.3358518 -152.15277
 16.0955942 46.3719362 -152.84686
 13.6694360 48.5020460 -153.57545
 11.4208070 50.3072769 -152.84656
  9.2055355 51.7334306 -151.00894
  8.3422451 53.3491581 -148.28115
  8.1312029 55.3411524 -145.89604
  8.0995297 57.1194440 -143.45321
  8.0488389 59.7605097 -141.40272
  7.8612195 63.0764051 -141.03631
  9.1955143 66.4434219 -140.69210
 10.7047288 68.7871330 -140.33171
 11.7644807 71.0531140 -140.00497
 13.5319600 73.1480826 -138.71977
 15.0249240 75.3382309 -137.19642
 16.2645583 77.6220396 -135.90152
 16.6111380 80.7091482 -134.88926
 16.8516824 83.8667517 -135.10753
 16.0191960 87.1980144 -135.46532
 15.1283841 90.3024188 -136.75438
 14.7783501 93.4201927 -137.12720
 13.8122022 96.3216052 -136.35275
 12.0809195 98.2523695 -134.57297
  9.7489411 100.186250 -132.56235
  7.8633001 101.821205 -130.68248
  6.9759861 104.124700 -129.26025
  6.9577477 106.219615 -126.85944
  6.6930752 108.227145 -124.52095
  5.4896031 109.050127 -121.20911
  4.5198209 109.983758 -118.23210
  3.3845574 112.152719 -115.67515
  1.8818744 112.983753 -113.15720
 -0.4686623 114.569482 -111.38828
 -2.5800744 116.412652 -109.06851
 -2.7211002 117.589025 -105.57222
 -2.5520042 119.541960 -103.01722
 -1.4172256 121.229997 -100.15321
  1.0902175 122.378238 -97.878252
  3.6749390 123.024354 -95.823930
  6.3489782 124.312144 -94.502631
  8.7501018 126.155728 -93.523981
 10.6734497 129.327551 -93.439141
 13.0344539 131.919453 -93.682931
 15.0179975 134.306270 -94.111847
 17.1175268 136.586272 -95.075227
 19.3797398 138.261621 -96.794685
 21.9613967 139.361440 -97.827548
 24.4467603 140.298518 -98.909464
 27.0874786 141.878214 -99.922054
 29.8078240 143.946140 -100.28287
 32.5923205 145.587232 -100.87406
 34.6542816 146.974417 -101.89262
 36.8840533 148.896812 -103.19748
 39.0513201 151.262812 -104.67749
 41.3410131 153.985936 -106.46590
 43.2692544 156.760214 -107.74750
 45.2086051 159.056799 -109.09144
 47.6345569 160.879644 -109.94776
 50.3978791 162.872135 -109.95971
 52.1789081 166.049921 -108.87302
 52.6031519 169.133660 -107.17849
 52.4216059 172.027500 -105.03402
 51.8822184 174.648013 -102.90647
 51.2086023 177.757859 -101.94011
 50.0315260 180.683990 -101.52927
 49.4870558 184.090653 -100.45587
 49.6108455 187.253524 -99.051456
 48.9121811 189.974270 -98.134210
 48.3307055 193.160340 -96.807761
 48.1056929 196.264934 -95.795715
 47.7937249 199.518503 -95.587384
 47.9905674 202.696575 -95.820126
 48.2386643 205.917551 -94.649236
 47.8160935 208.755166 -93.168465
 45.9119967 210.201889 -91.560004
 43.4741135 211.153521 -89.418451
 40.6706137 212.640355 -88.260066
 38.1960212 213.165370 -87.044183
 35.4484396 212.510754 -85.742260
 33.1516129 210.979519 -85.218229
 30.5921646 209.146304 -85.403340
 28.6385497 207.076447 -84.267987
 26.5346531 205.270700 -82.713314
 25.5115097 203.555608 -80.293951
 24.6754052 201.524608 -78.272879
 25.7997125 199.875556 -76.156953
 27.8834115 198.661390 -73.935319
 28.6930966 197.446430 -70.650624
 28.8319407 195.945339 -67.687029
 28.3254001 193.882170 -65.143345
 28.0291786 192.972537 -61.782359
 28.1186615 193.037877 -58.400261
 29.0256968 193.250701 -55.340225
 30.2076517 192.862844 -52.621668
 31.6112455 192.277427 -49.216449
 34.0223759 191.826764 -47.572390
 36.0286534 191.509850 -45.202712
 37.8562111 191.842171 -43.110105
 40.9916356 191.792150 -40.959703
 44.2237104 191.180328 -39.942619
 47.2731977 191.257736 -38.074807
 50.5423963 191.845403 -36.890186
 52.7590966 193.100212 -35.134232
 55.6422521 193.634471 -32.984787
 58.4979740 194.773110 -31.639983
 61.6069246 194.913452 -30.299253
 64.0965769 195.495800 -29.001948
 66.2821242 196.589460 -27.561135
 68.5819093 197.033082 -24.893012
 70.8263371 196.999046 -22.624799
 72.6498150 195.449238 -20.341938
 75.0423808 193.632858 -19.507599
 77.2071838 191.986434 -17.654787
 78.3906230 191.117763 -14.733274
 79.4438505 190.108606 -12.193924
 80.4573902 187.810773 -9.1759426
 80.4971034 185.383284 -6.4566176
 80.5815142 184.166481 -3.4590370
 80.7051582 181.792770 -1.3694276
 80.3268661 179.411115  0.5934142
 79.1325889 176.994321  2.0646610
 77.0853102 174.754247  3.1529805
 75.1883689 172.190646  4.8183058
 73.3193427 169.925428  6.9838741
 70.9766701 167.693593  8.3166955
 68.7142160 165.169157  9.0769887
 65.8227655 163.147127  9.2915797
 62.9713879 162.364513  9.3055735
 60.0398876 161.542011  8.5830445
 56.2743013 161.354433  7.7692115
 52.4748087 161.360117  6.9281573
 49.1442798 161.318923  6.6414657
 45.5865665 162.506838  6.8095580
 42.6490986 164.221250  7.8595652
 39.9472146 165.961595  9.5204610
 37.1422799 167.449285 11.0763649
 33.9190804 168.803263 12.1972042
 31.3377854 169.137631 14.4611336
 29.0090240 168.842052 16.1116971
 26.8392929 168.937801 18.1648544
 24.8373297 169.073521 19.8950239
 22.3424071 169.492708 21.9133414
 19.9021281 170.512550 23.5165146
 17.2838186 172.234986 25.3639879
 14.8491391 172.183050 27.7246515
 12.2838574 172.641048 29.6874775
  9.9501477 173.459242 31.4186922
  6.8234857 174.039327 32.0431350
  3.4614634 174.552817 33.1461565
 -0.0825064 174.992688 33.3780398
 -2.0502908 173.458647 35.1478054
 -4.3173127 171.436976 37.2461058
 -6.6579336 169.213263 38.3040367
 -8.9640061 166.948060 38.5419547
 -10.180133 164.259553 38.8428486
 -12.613763 161.798991 38.9674670
 -14.844659 160.054841 39.0371702
 -16.662158 157.824934 38.5968359
 -19.145016 155.107145 38.8575254
 -19.856946 152.182055 38.6872541
 -20.393975 149.169926 38.4341642
 -21.032770 146.202793 38.1103069
 -21.429506 143.683240 38.8260810
 -20.876001 140.876879 39.7599068
 -18.775017 138.111915 40.2784884
 -16.991118 135.134206 39.6779692
 -14.996343 132.681986 39.2318606
 -13.396631 130.268872 37.3023715
 -12.719261 127.169308 35.3976759
 -12.119185 124.748094 33.5053549
 -11.599235 122.395141 31.8569190
 -10.567586 119.582669 30.7466681
 -9.7422244 116.212944 29.7811490
 -9.3242299 113.038884 28.9292717
 -10.700926 110.172537 27.3420215
 -11.740104 108.082138 25.5396435
 -13.132436 106.028080 23.0185707
 -15.035296 104.505198 20.7406634
 -17.572813 103.252472 18.9546685
 -19.815892 102.531223 17.1850874
 -22.491763 103.839284 14.8296959
 -24.453324 104.484642 11.8818257
 -27.126418 104.300735  9.9659407
 -28.734158 103.022895  7.7283149
 -30.529268 100.945882  6.1319237
 -32.497475 100.915201  3.4459736
 -34.037588 99.6931669  1.3448252
 -36.136458 98.7541727 -0.3413711
 -38.820024 97.8307743 -2.1768823
 -41.639149 95.9952469 -3.9271016
 -43.733264 95.0258812 -6.1621721
 -45.787313 93.7091143 -7.3831420
 -48.496798 92.2495534 -7.6814733
 -51.340515 91.2332856 -7.1327961
 -54.307018 89.5442663 -5.8029549
 -57.466308 87.6122502 -4.8442016
 -59.760928 85.3015740 -3.3378995
 -62.004532 83.5581465 -1.2241360
 -64.045147 82.4307453  0.8876293
 -65.777869 80.2846011  2.6223291
 -67.968987 78.9231093  4.9720975
 -70.529150 78.4795500  6.5455520
 -73.628598 77.8775386  8.7950064
 -75.710547 77.0019982 11.4323987
 -77.756779 77.1488569 13.5832062
 -80.598026 77.6875873 15.5541576
 -83.192366 76.9449708 16.8883826
 -85.853505 76.6737719 18.6530788
 -88.424359 76.5452706 20.3560067
 -90.242202 76.1789572 23.4501064
 -92.462972 76.2166692 25.7236784
 -93.356845 77.7589404 28.1651711
 -93.575337 79.0499624 30.2058884
