 -0.4883701 -0.3301153 -0.8077862
 -0.5560762 -0.2904138 -0.7787420
 -0.8228694 -0.3256261 -0.4656753
 -0.7972630 -0.3648179 -0.4809154
 -0.6429752 -0.5532943 -0.5295737
 -0.3894034 -0.6288600 -0.6729785
 -0.6842016 -0.2950481 -0.6669443
 -0.7824461 -0.2885107 -0.5518512
 -0.8636829 -0.1533421 -0.4801438
 -0.9307481 -0.0256438 -0.3647608
 -0.6419326 -0.6133377 -0.4601515
 -0.5030344 -0.7560333 -0.4187721
 -0.6004892 -0.7591519 -0.2511993
 -0.7479829 -0.5966501 -0.2907407
 -0.8626615 -0.4947242  0.1051811
 -0.5631282 -0.8169139 -0.1246531
 -0.1845854 -0.8239371 -0.5357760
 -0.3677005 -0.7356253 -0.5689040
 -0.6319440 -0.7067803 -0.3179756
 -0.7286545 -0.4873730 -0.4811759
 -0.7445846 -0.4654635 -0.4784741
 -0.4938248 -0.7936780 -0.3552637
 -0.1894305 -0.9817208 -0.0184489
 -0.2355879 -0.9707677  0.0459186
  0.0191531 -0.9953683  0.0942078
  0.1763922 -0.9832327  0.0462526
  0.3249849 -0.9301163  0.1710804
  0.2758218 -0.7421281  0.6108750
 -0.0000164 -0.7485856  0.6630382
 -0.1831485 -0.8517358  0.4909203
 -0.4295574 -0.8823365  0.1922570
 -0.6709933 -0.6209148  0.4052565
 -0.7248135 -0.3958282  0.5638842
 -0.7238561 -0.3849562  0.5725740
 -0.7222975 -0.2851524  0.6300591
 -0.8931060 -0.1961921  0.4048089
 -0.9261226 -0.0416363  0.3749177
 -0.9206458  0.0276039  0.3894219
 -0.9572499 -0.0088350  0.2891274
 -0.9551824 -0.1321454  0.2648853
 -0.7901148 -0.1004341  0.6046748
 -0.7163566 -0.2037971  0.6673080
 -0.8896666 -0.0372375  0.4550898
 -0.9939130  0.0660875  0.0881436
 -0.8291266 -0.5505967 -0.0969141
 -0.8247629 -0.5543340 -0.1117141
 -0.8258794 -0.5265089  0.2017711
 -0.8164445 -0.4996409  0.2894432
 -0.9317021 -0.3159724  0.1791439
 -0.9562148  0.0352942  0.2905297
 -0.6744861  0.2847335  0.6811720
 -0.6800972  0.0149327  0.7329699
 -0.7557984 -0.0605600  0.6519979
 -0.4483733 -0.2453353  0.8595185
 -0.8763969 -0.3108072  0.3678688
 -0.8303937 -0.4259756  0.3591532
 -0.8322506  0.0619161  0.5509314
 -0.9862970  0.1077095 -0.1249675
 -0.9448399  0.2987866  0.1341795
 -0.9394346 -0.0396313  0.3404292
 -0.9534592  0.1214171  0.2759954
 -0.9740534 -0.1515909  0.1680482
 -0.9217768 -0.2257472  0.3152234
 -0.7945329  0.0028451  0.6072144
 -0.7123178  0.2936316  0.6374824
 -0.4109727  0.3546818  0.8398227
 -0.3815417  0.1753410  0.9075690
 -0.6471720  0.1478787  0.7478638
 -0.6850288  0.0954354  0.7222380
 -0.7148153  0.4264971  0.5542015
 -0.5348609  0.6727477  0.5112088
 -0.1393337  0.8180617  0.5579974
 -0.0765445  0.5993410  0.7968258
 -0.0271444  0.5899090  0.8070134
  0.4611455  0.6225794  0.6322497
  0.6522767  0.7566255  0.0453100
  0.7823590  0.6207650  0.0506483
  0.6320890  0.1531583  0.7596091
  0.2990514 -0.1641589  0.9400107
  0.3039383 -0.0106524  0.9526321
  0.3005464  0.2244052  0.9269920
  0.0704447 -0.1110390  0.9913162
  0.2816995 -0.0690602  0.9570141
 -0.0297635  0.2345743  0.9716424
  0.5870402  0.5305232  0.6114973
  0.7757060  0.3588819  0.5191184
  0.7487437  0.4197866  0.5129933
  0.8681651 -0.0122542  0.4961242
  0.8258504 -0.2515166  0.5046885
  0.6130852 -0.3715767  0.6971781
  0.3710223 -0.7337695  0.5691439
  0.5651994 -0.7247498  0.3940652
  0.6494845 -0.6622324  0.3736550
  0.8795136 -0.4754878  0.0191607
  0.7094792 -0.4343580 -0.5549526
  0.5060264 -0.6258626 -0.5934925
  0.4588815 -0.4297364 -0.7776595
  0.7368596 -0.5081175 -0.4459311
  0.7831601 -0.5006377 -0.3688118
  0.7193482 -0.4475147 -0.5312897
  0.6894827  0.1658665 -0.7050545
  0.3944152 -0.4944450 -0.7745714
  0.3620267 -0.5080502 -0.7815508
  0.1630388 -0.9162124 -0.3660236
  0.2802958 -0.7331381 -0.6196312
  0.4241272 -0.7101585 -0.5619529
  0.6552114 -0.6678264 -0.3531373
  0.9253333 -0.3061073 -0.2237333
  0.9372775 -0.3254934 -0.1247598
  0.8074384 -0.0634610 -0.5865287
  0.7609231  0.2535798 -0.5972380
  0.8035157 -0.2126301 -0.5560134
  0.6828735 -0.2125504 -0.6989321
  0.8185071 -0.3057168 -0.4863984
  0.7677932 -0.4475643 -0.4584537
  0.6989815  0.1114509 -0.7064018
  0.5145201  0.5653825 -0.6446795
  0.8629856  0.4273825 -0.2694438
  0.8606223  0.3932356 -0.3235660
  0.7406088  0.3597835 -0.5674984
  0.5441827  0.0228387 -0.8386558
  0.7082631  0.1474475 -0.6903786
  0.3462323 -0.2569835 -0.9022653
  0.3300786 -0.2002280 -0.9224732
  0.2015685 -0.7238059 -0.6599055
 -0.1865141 -0.5245407 -0.8307042
 -0.2352904 -0.4179975 -0.8774489
  0.0789151 -0.6481450 -0.7574169
  0.3339987 -0.5990590 -0.7277178
  0.4160633 -0.5626222 -0.7143862
  0.4583640 -0.4912183 -0.7406801
  0.5057397 -0.3819424 -0.7735291
  0.0986903 -0.4844089 -0.8692573
  0.2625276 -0.6749767 -0.6895548
  0.6398866 -0.4209943 -0.6428910
  0.8059769 -0.0125944 -0.5918130
  0.8127586  0.2395848 -0.5310579
  0.4005746  0.5734991 -0.7145899
  0.4303730  0.6918705 -0.5797364
  0.2193149  0.5819739 -0.7830756
  0.2298935  0.6888836 -0.6874506
  0.4591464  0.6805837 -0.5709556
  0.7809492  0.5505100 -0.2950543
  0.8549685  0.4364058 -0.2803193
  0.9188616  0.1746282 -0.3538337
  0.9855311 -0.0789846 -0.1499660
  0.8231874 -0.2993729  0.4824297
  0.7224608 -0.4985050  0.4791066
  0.5419435 -0.3660854  0.7564911
  0.4570406 -0.6121173  0.6453110
  0.2992541 -0.5287504  0.7942732
  0.3833447 -0.5253596  0.7596342
  0.1794182 -0.5283981  0.8298220
 -0.2167956 -0.5115621  0.8314469
 -0.5064939 -0.3950169  0.7664369
 -0.4335099 -0.4265208  0.7938193
 -0.3330107 -0.3713377  0.8667250
 -0.2342618 -0.3289458  0.9148312
 -0.3428741 -0.4605406  0.8187427
 -0.3300467 -0.4789963  0.8134075
 -0.5363330 -0.0640301  0.8415742
 -0.7458039 -0.3419231  0.5717212
 -0.8897730 -0.0851964  0.4483811
 -0.5275762 -0.3713928  0.7640228
 -0.1313905 -0.3812913  0.9150702
 -0.1657853 -0.5305567  0.8312790
 -0.6151118 -0.6585820  0.4334826
 -0.6913033 -0.3815808  0.6135926
 -0.6572909 -0.2074959  0.7245096
 -0.7085692 -0.2176650  0.6712314
 -0.7110834  0.1201077  0.6927731
 -0.7888256  0.1202997  0.6027289
 -0.8703178  0.4735700  0.1351974
 -0.9124982  0.3424575  0.2237631
 -0.7074901  0.7059581  0.0328765
 -0.6180564  0.7850123 -0.0419755
 -0.5843044  0.7675472 -0.2635520
 -0.6015262  0.7591222 -0.2487965
 -0.7439206  0.5533252 -0.3747177
 -0.5589356  0.6740187 -0.4830009
 -0.2655841  0.7092083 -0.6530610
 -0.0967525  0.8133606 -0.5736580
 -0.3224353  0.5990384 -0.7329314
 -0.1862261  0.4585618 -0.8689309
 -0.4828110  0.6311592 -0.6070681
 -0.4724229  0.5448210 -0.6928107
 -0.6420751  0.0461422 -0.7652519
 -0.9137767  0.1437384 -0.3799361
 -0.6916897 -0.2139953 -0.6897619
 -0.5093212  0.0126185 -0.8604840
 -0.7081215 -0.2315519 -0.6670439
 -0.3955052 -0.0851766 -0.9145056
 -0.3768049 -0.2129083 -0.9014922
 -0.5664010 -0.3322429 -0.7541913
 -0.3224366 -0.6351524 -0.7018661
 -0.3485827 -0.4846481 -0.8022508
 -0.5440006 -0.3756120 -0.7503193
 -0.4246988 -0.1646861 -0.8902300
 -0.4515940 -0.1773661 -0.8744165
 -0.3687556 -0.0335682 -0.9289201
 -0.4613146  0.2391716 -0.8543921
 -0.5253290  0.4101586 -0.7455195
 -0.5320270  0.5773759 -0.6193419
 -0.5732271  0.8048669 -0.1536228
 -0.7997833  0.5983303  0.0484522
 -0.4378933  0.8054402 -0.3993940
 -0.2955230  0.8129050 -0.5018481
 -0.3006542  0.7168274 -0.6290990
  0.0592597  0.9974112 -0.0407339
 -0.2381054  0.9314715 -0.2750758
 -0.4059927  0.8961015 -0.1793657
 -0.5063327  0.7693558 -0.3895110
 -0.1145450  0.6884852 -0.7161478
  0.0558689  0.7901474 -0.6103653
  0.2005595  0.8624583 -0.4646951
  0.1512725  0.9252796 -0.3478136
  0.2036353  0.8261199 -0.5254128
 -0.1667199  0.9262437 -0.3380489
 -0.3097045  0.9126470 -0.2667556
  0.0474782  0.9450034 -0.3235961
 -0.0889926  0.9945582 -0.0541689
 -0.1683778  0.8798327  0.4444584
 -0.0718826  0.9163274  0.3939251
 -0.5606245  0.7745369  0.2929040
 -0.5857246  0.7417705  0.3266544
 -0.5581448  0.6224676  0.5486424
 -0.6888207  0.7050159  0.1687562
 -0.4815625  0.8738170 -0.0673897
 -0.5146951  0.8554568 -0.0572934
 -0.2873806  0.8490200 -0.4433705
  0.0679175  0.9706588 -0.2306701
 -0.0225293  0.9537916 -0.2996230
 -0.2011719  0.8333637 -0.5148153
 -0.0778025  0.6968591 -0.7129756
 -0.2042649  0.6703740 -0.7133545
 -0.2764578  0.6253343 -0.7297452
 -0.5684511  0.4234830 -0.7053549
 -0.4383511  0.8016129 -0.4065280
 -0.3546830  0.6904501 -0.6304591
 -0.1849883  0.6885068 -0.7012401
 -0.3272880  0.6711437 -0.6651682
 -0.3979628  0.6551947 -0.6421414
 -0.5162214  0.7202454 -0.4634242
 -0.2705784  0.7175165 -0.6418391
 -0.1517017  0.6976394 -0.7002041
 -0.2114564  0.9427282 -0.2579724
 -0.0108324  0.9291601 -0.3695189
 -0.1224809  0.9592240 -0.2547306
  0.3741311  0.8594521 -0.3483792
  0.4859242  0.8523778 -0.1932092
  0.3352071  0.8965189 -0.2896377
  0.5910807  0.8042317 -0.0619274
  0.6776193  0.3937396  0.6211290
  0.5536581  0.5100873  0.6582352
  0.3897460  0.4726396  0.7903859
 -0.0537443  0.6473046  0.7603344
 -0.1516077  0.5980614  0.7869801
 -0.0220889  0.5976333  0.8014652
 -0.1448469  0.4266783  0.8927289
 -0.2978747  0.4094877  0.8623170
 -0.2014797  0.6762093  0.7086232
 -0.0292565  0.7937723  0.6075110
  0.1730419  0.9452418  0.2767208
  0.1516809  0.8153191  0.5587912
  0.0639609  0.9891306  0.1323993
  0.0852642  0.9838232  0.1575495
  0.2240265  0.9243293 -0.3089134
  0.5456158  0.7618987 -0.3490184
  0.4302126  0.8907497  0.1465678
 -0.0548594  0.9933462  0.1012608
 -0.2248643  0.9684296 -0.1076112
 -0.2317899  0.9038930  0.3595149
  0.0807960  0.7521122  0.6540637
  0.0959281  0.4223586  0.9013385
 -0.1462890  0.7914314  0.5934947
 -0.2456139  0.9666635  0.0723561
 -0.0223676  0.9916901  0.1266899
 -0.0543492  0.9234981  0.3797333
  0.7232098  0.4360098  0.5355960
  0.8308842  0.4353896  0.3465073
  0.5657168  0.6419152  0.5175997
  0.4681719  0.4957632  0.7314601
  0.4723215  0.3724933  0.7988499
  0.3834670  0.2088404  0.8996326
  0.2920138 -0.0401862  0.9555695
  0.2841397 -0.0055092  0.9587671
  0.1559216 -0.6177175  0.7707876
  0.1266458 -0.4134264  0.9016870
 -0.2645489 -0.2672831  0.9265925
  0.0518101 -0.5479920  0.8348775
  0.1773666 -0.1700613  0.9693401
  0.0315832 -0.3104743  0.9500569
  0.0255150  0.1928396  0.9808985
  0.0480453 -0.0345172  0.9982486
  0.1720925 -0.4847849  0.8575359
  0.3642574  0.0334244  0.9306983
  0.0571353  0.2516640  0.9661267
  0.1195638  0.3665475  0.9226849
 -0.0939382  0.6142457  0.7835035
  0.3923060  0.3731849  0.8407313
 -0.5135551 -0.1913062 -0.8364587
 -0.4023726 -0.4637911 -0.7892998
 -0.5189906 -0.1916235 -0.8330241
 -0.5278742 -0.0858121 -0.8449764
 -0.3980298  0.2140710 -0.8920459
 -0.2707301  0.0036765 -0.9626483
 -0.2770482 -0.2321037 -0.9324013
 -0.2975095 -0.2269937 -0.9273413
 -0.4491984 -0.4031569 -0.7972987
 -0.0324434 -0.5048769 -0.8625815
  0.0011542 -0.6396994 -0.7686243
  0.0296644 -0.5621684 -0.8264906
 -0.3547221 -0.1628898 -0.9206732
 -0.2862978 -0.5551143 -0.7809492
 -0.3491555 -0.4492658 -0.8223446
 -0.4174568 -0.3927789 -0.8194233
 -0.2308504  0.2422617 -0.9423467
  0.0889843  0.1677147 -0.9818114
  0.4725672  0.3648330 -0.8022326
  0.5747466  0.0209650 -0.8180628
  0.6080061 -0.1050516 -0.7869515
  0.3635060  0.0951212 -0.9267229
  0.5918516  0.0834354 -0.8017171
  0.5851758  0.3406316 -0.7358936
  0.5738653  0.6869066 -0.4459125
  0.6495886  0.6266512 -0.4305147
  0.6928019  0.7197981  0.0437746
  0.8494353  0.5239399 -0.0628224
  0.8627242  0.4925545 -0.1144417
  0.8600902  0.4251332 -0.2819691
  0.8809826  0.3677232 -0.2977404
  0.7517259  0.6580795 -0.0428910
  0.8147998  0.5589945 -0.1537089
  0.7485758  0.6105360 -0.2586120
  0.4835666  0.8753020 -0.0031087
  0.4261742  0.9026769 -0.0595819
  0.0457104  0.9849703 -0.1665655
  0.2851887  0.9471165 -0.1470977
  0.4796881  0.8525774 -0.2073911
  0.6924767  0.7196062 -0.0514095
  0.6923439  0.7191018  0.0596030
  0.4517807  0.8905188 -0.0535763
  0.5404307  0.8198233 -0.1892734
  0.4972203  0.6881444 -0.5284215
  0.6667604  0.4124815 -0.6207170
  0.7086786  0.5654804 -0.4219081
  0.5335990  0.7094953 -0.4603135
  0.7337026  0.6653341 -0.1378805
  0.6908088  0.6902556 -0.2152450
  0.5980721  0.7007134 -0.3889865
  0.3909977  0.8584584 -0.3319185
  0.5457382  0.7254974 -0.4193130
  0.1758924  0.9191453 -0.3524681
  0.4077578  0.9116674  0.0509518
  0.3365260  0.9413132  0.0260710
  0.2465294  0.8920808 -0.3787019
 -0.3946424  0.5221350 -0.7560638
 -0.3166053  0.7026181 -0.6372510
 -0.6018699  0.2587330 -0.7555196
 -0.7899585  0.3575200 -0.4981415
 -0.9400162 -0.1214243 -0.3187877
 -0.6606370 -0.2931416 -0.6911054
 -0.4463048 -0.4536694 -0.7713599
 -0.4326905 -0.6189978 -0.6554545
 -0.3345922 -0.4302635 -0.8384041
 -0.2032981 -0.6851569 -0.6994497
 -0.0796428 -0.4330599 -0.8978397
 -0.2592569 -0.2636474 -0.9291264
 -0.1606283 -0.5746482 -0.8024824
 -0.4743666 -0.5855453 -0.6573530
 -0.2254166 -0.5901949 -0.7751499
  0.0418640 -0.4165379 -0.9081539
  0.1747329 -0.0815590 -0.9812322
 -0.1017365  0.0017991 -0.9948097
 -0.5281042  0.2054397 -0.8239542
 -0.8729694 -0.0624941 -0.4837549
 -0.9297672 -0.3642506 -0.0534268
 -0.8206305 -0.4594135 -0.3398600
 -0.7205650 -0.4558413 -0.5224891
 -0.9282659 -0.1047148 -0.3568715
 -0.8552430 -0.1405797 -0.4987952
 -0.8865346  0.3535226 -0.2984598
 -0.6865391  0.6004426 -0.4100399
 -0.6323659  0.7124332 -0.3042239
 -0.7939526  0.5993878 -0.1018507
 -0.5762390  0.8021451  0.1565625
 -0.3992408  0.8931359 -0.2071596
 -0.7755572  0.5873511 -0.2313650
 -0.7367426  0.6144290 -0.2822896
 -0.6978240  0.6919904  0.1849080
 -0.7280176  0.3966350  0.5591700
 -0.3424823  0.4900383  0.8016036
 -0.1260946  0.6762478  0.7258024
  0.0384985  0.5657844  0.8236540
 -0.0572195  0.7593444  0.6481683
 -0.0344742  0.9887258  0.1457146
  0.3391959  0.9374781  0.0779811
  0.5121123  0.8544287  0.0877079
  0.4260582  0.9045034  0.0186527
  0.5758179  0.7107758  0.4040191
  0.5721552  0.6397351  0.5132031
  0.5424047  0.6993644  0.4654960
  0.0992921  0.9118353  0.3983686
  0.0966574  0.9947409 -0.0338803
 -0.2622469  0.9600411 -0.0977125
 -0.2696830  0.8926863 -0.3610848
 -0.1044520  0.9756189 -0.1930224
 -0.2672022  0.9418685  0.2036830
 -0.4829394  0.6765209  0.5559578
 -0.6035779  0.6414989  0.4734690
 -0.5542436  0.6114425  0.5647585
 -0.4736003  0.7109225  0.5198962
 -0.0093977  0.6814710  0.7317848
 -0.0839204  0.6431334  0.7611418
 -0.3070927  0.3163106  0.8975754
 -0.3135635  0.1823817  0.9318878
 -0.2313089  0.6554668  0.7189294
 -0.4333373  0.3398475  0.8346990
 -0.6224868  0.5225084  0.5826621
 -0.6483835  0.5073283  0.5676415
 -0.0554301  0.2518406  0.9661800
  0.0533386  0.5936446  0.8029577
  0.2151119  0.5494043  0.8073919
  0.6544980  0.3920240  0.6464902
  0.7516555  0.2780648  0.5980753
  0.8437698  0.2663351  0.4659594
  0.7620977  0.5136794  0.3941327
  0.4961198  0.8643920  0.0818024
  0.6157132  0.7827467 -0.0905809
  0.6390377  0.7651794 -0.0783020
  0.6329208  0.7460483 -0.2069379
  0.6829671  0.5170635 -0.5159470
  0.8315538  0.4196046 -0.3639371
  0.8113047  0.3127241 -0.4939518
  0.8431807  0.4263429 -0.3275332
  0.8586849  0.5008010 -0.1088976
  0.7888007  0.5762125 -0.2139452
  0.7602732  0.4756507 -0.4424263
  0.7335008  0.6057247 -0.3083410
  0.5979394  0.6993767 -0.3915874
  0.5286478  0.6683393 -0.5233107
  0.5619999  0.7836393 -0.2646989
  0.5569252  0.7382588 -0.3805368
  0.8299050  0.4839461 -0.2775857
  0.8344810  0.5499870  0.0339959
  0.5388604  0.8125303  0.2223150
  0.1456649  0.8852666  0.4416841
  0.0270301  0.7768830  0.6290645
 -0.0269994  0.7865033  0.6169957
 -0.1829985  0.9414650  0.2831169
 -0.4587372  0.8799034  0.1238149
 -0.2362919  0.9392511  0.2489447
  0.1118482  0.9028765  0.4150952
 -0.3187572  0.9219403  0.2200453
 -0.2299501  0.9003799  0.3693765
 -0.1809711  0.9121489  0.3677415
 -0.1219241  0.9897053  0.0749531
  0.0015044  0.9763415 -0.2162289
  0.0982501  0.9641499  0.2464993
 -0.0730828  0.8882101  0.4535877
 -0.4512608  0.6837062  0.5735064
 -0.6858072  0.2945343  0.6655208
 -0.7811152  0.4874566  0.3901860
 -0.8864501  0.0734274  0.4569624
 -0.9163003 -0.1504500  0.3711585
 -0.8236291 -0.4894543  0.2864780
 -0.8390418 -0.5437079 -0.0197614
 -0.6269212 -0.7053812  0.3307675
 -0.7496777 -0.5158231  0.4146202
 -0.3460510 -0.5592078  0.7533494
 -0.3390471 -0.6562128  0.6741156
  0.3224965 -0.5811180  0.7471933
  0.6536746 -0.4381506  0.6170361
  0.1894561 -0.3845838  0.9034388
  0.0756186 -0.3455879  0.9353346
 -0.0890482 -0.6357593  0.7667337
 -0.1010215 -0.2824995  0.9539333
  0.0646397 -0.0142813  0.9978065
  0.2808525  0.0666175  0.9574362
  0.4141237 -0.0751614  0.9071121
  0.3544543 -0.2119865  0.9107271
  0.8120819 -0.0572637  0.5807270
  0.7280599 -0.0889074  0.6797236
  0.6784849  0.0750330  0.7307724
  0.8586896  0.0338987  0.5113736
  0.9175482 -0.2002786  0.3435024
  0.8715913  0.0234475  0.4896722
  0.9404057  0.0934224  0.3269699
  0.7232064  0.5173452  0.4575221
  0.7792247  0.0606206  0.6238060
  0.8585214  0.3542116  0.3707763
  0.9308690  0.0174894  0.3649343
  0.8532148  0.1621891  0.4957008
  0.8416198  0.3351518  0.4234967
  0.7034321  0.2654829  0.6593194
  0.7266589  0.0319325  0.6862559
  0.5079900 -0.4463438  0.7366976
  0.7537928 -0.6425959  0.1373565
  0.6443522 -0.5959036  0.4792797
  0.3722752 -0.3243893  0.8695877
  0.2829926 -0.3232321  0.9030151
  0.2472698 -0.5995274  0.7611994
 -0.0111101 -0.6883669  0.7252776
 -0.0067561 -0.5117955  0.8590807
 -0.0120351 -0.7619238  0.6475549
  0.0371499 -0.7685399  0.6387224
 -0.4083377 -0.7632152  0.5007623
 -0.5826120 -0.6910553  0.4277917
 -0.5194361 -0.7009235  0.4887662
 -0.5020815 -0.6234117  0.5993931
 -0.6558301 -0.6831706  0.3211927
 -0.6902759 -0.6909261  0.2148029
 -0.7679833 -0.6381668  0.0542669
 -0.9694581 -0.1882755  0.1571728
 -0.9366432 -0.2853651 -0.2031411
 -0.9606311  0.0274046 -0.2764722
 -0.9757027 -0.1445624 -0.1646386
 -0.9988072 -0.0094886 -0.0478968
 -0.9480208  0.3164285  0.0336098
 -0.8412837  0.5093464  0.1811296
 -0.7861893  0.4463870  0.4273699
 -0.7126768  0.4643678  0.5257893
 -0.8898147  0.3496899  0.2931666
 -0.7681331  0.1230213  0.6283608
 -0.8076481 -0.0891280  0.5828900
 -0.7310042  0.0754013  0.6781943
 -0.6220488 -0.0864486  0.7781915
 -0.7005272  0.1494253  0.6978064
 -0.8388064  0.3824052  0.3875178
 -0.6714985  0.4554399  0.5845206
 -0.7243414 -0.0272519  0.6889027
 -0.8571767  0.1313804  0.4979832
 -0.7258162  0.2713854  0.6320924
 -0.9103683  0.2946631  0.2905223
 -0.9130140  0.1768063  0.3676206
 -0.9765487  0.2151609  0.0076391
 -0.7049871 -0.4621431  0.5379749
 -0.5653870 -0.5641521  0.6017225
 -0.6141325 -0.6656498  0.4239713
 -0.7637326 -0.6314931  0.1338989
 -0.3422539 -0.9296908  0.1361518
 -0.6430353 -0.7634271  0.0607010
 -0.7635336 -0.6101261  0.2115718
 -0.6864195 -0.6962141 -0.2100339
 -0.6620779 -0.7380974  0.1298658
 -0.1629350 -0.9844012 -0.0663805
 -0.1500062 -0.9819743 -0.1149979
 -0.2426409 -0.9685925 -0.0543498
 -0.1045735 -0.9499966  0.2942292
 -0.0340043 -0.9528162  0.3016372
  0.6186304 -0.7519719  0.2276723
  0.5655804 -0.8066940 -0.1713581
  0.6370585 -0.7612875 -0.1208215
  0.4913767 -0.6963421 -0.5231220
  0.1498153 -0.8384923 -0.5239142
  0.2829838 -0.7356806 -0.6153814
  0.2905297 -0.7919600 -0.5370212
  0.3069963 -0.9040636 -0.2973589
  0.3110390 -0.8981586 -0.3107504
  0.0869781 -0.9494885 -0.3015069
 -0.3818333 -0.7991327 -0.4643169
 -0.3151497 -0.6799488 -0.6620803
 -0.3836467 -0.6265388 -0.6784279
 -0.5066332 -0.4388979 -0.7420859
 -0.6391085 -0.5117053 -0.5741934
 -0.7363833 -0.2894250 -0.6115331
 -0.6971103  0.3255071 -0.6388133
 -0.3787815  0.2749774 -0.8836922
 -0.8311860 -0.0511355 -0.5536380
 -0.4354190 -0.4202454 -0.7961181
 -0.5720773 -0.6768588 -0.4632383
 -0.5687645 -0.0227491 -0.8221858
 -0.4518024 -0.3998157 -0.7975099
 -0.8034931 -0.2796465 -0.5255441
 -0.7845368 -0.1995817 -0.5870852
 -0.7222344 -0.5339854 -0.4395874
 -0.6299244 -0.2727459 -0.7271897
 -0.7748161 -0.4085431 -0.4824443
 -0.8743036 -0.4539524 -0.1718152
 -0.8972169 -0.4060985  0.1734526
 -0.7086328 -0.5630032  0.4252845
 -0.8359031 -0.5010873  0.2240035
 -0.6734434 -0.6241633  0.3960986
 -0.6128039 -0.4811498  0.6268701
 -0.6963300 -0.3238565  0.6405009
 -0.5958097 -0.6042386  0.5290619
 -0.5486352 -0.4482698  0.7057291
 -0.8378238 -0.2582512  0.4809965
 -0.8072433 -0.1238583  0.5770766
 -0.6418496 -0.3059963  0.7031325
 -0.6190713 -0.0169492  0.7851519
 -0.8052570  0.1884480  0.5621820
 -0.7854671 -0.2595959  0.5618286
 -0.7457658 -0.0955206  0.6593248
 -0.9049817  0.0197204  0.4249933
 -0.3963423 -0.1562573  0.9047079
 -0.7326323 -0.0737353  0.6766188
 -0.3082866  0.4314246  0.8478397
 -0.0396806  0.6057213  0.7946868
 -0.0633884  0.2419796  0.9682085
